#1 Fault ID
#2-4 Centroid X (km) Centroid Y (km) Centroid Z (km)
#5-7 Major Axis Upper Endpoint X (km) Major Axis Upper Endpoint Y (km) Major Axis Upper Endpoint Z (km)
#8-10 Major Axis Lower Endpoint X (km) Major Axis Lower Endpoint Y (km) Major Axis Lower Endpoint Z (km)
#11-13 Intermediate Axis Upper Endpoint X (km) Intermediate Axis Upper Endpoint Y (km) Intermediate Axis Upper Endpoint Z (km)
#14-16 Intermediate Axis Lower Endpoint X (km) Intermediate Axis Lower Endpoint Y (km) Intermediate Axis Lower Endpoint Z (km)
#17-19 Short Axis Upper Endpoint X (km) Short Axis Upper Endpoint Y (km) Short Axis Upper Endpoint Z (km)
#20-22 Short Axis Lower Endpoint X (km) Short Axis Lower Endpoint Y (km) Short Axis Lower Endpoint Z (km)
#23 Strike (deg)
#24 Dip Angle (deg)
#25 Optimal C Value
#26 Number of Events constituting the fault
1.000000 0.909659 1.579079 -3.385000 1.034761 1.811271 -3.452458 0.753695 1.306164 -3.318031 0.901612 1.567754 -3.335853 0.886844 1.549682 -3.434637 0.908782 1.550443 -3.385907 0.879674 1.566992 -3.384583 29.093606 81.634136 3.500000 4490.000000
2.000000 0.843720 1.703506 -3.322000 0.896273 1.810127 -3.328279 0.802472 1.616932 -3.310602 0.849870 1.716839 -3.280635 0.848876 1.710220 -3.358247 0.857927 1.709398 -3.319198 0.840818 1.717660 -3.319684 25.897774 89.268905 3.500000 1395.000000
3.000000 0.767213 1.493570 -3.340500 0.810166 1.585129 -3.343770 0.718220 1.391728 -3.336796 0.767302 1.488402 -3.300045 0.761085 1.488455 -3.380521 0.778786 1.481450 -3.341415 0.749600 1.495408 -3.339151 25.427189 85.582647 3.500000 848.000000
4.000000 0.862458 1.866407 -3.328000 0.897026 1.941198 -3.322964 0.834591 1.805952 -3.328151 0.865406 1.872669 -3.297089 0.866210 1.874482 -3.354026 0.874742 1.869451 -3.325563 0.856875 1.877699 -3.325553 24.779978 89.191200 3.500000 208.000000
5.000000 0.778819 1.757769 -3.328000 0.855695 1.892836 -3.326591 0.708820 1.619658 -3.327197 0.781431 1.756615 -3.292764 0.783083 1.755879 -3.361023 0.793708 1.750090 -3.326550 0.770806 1.762404 -3.327237 28.264888 88.614034 3.500000 1703.000000
6.000000 0.291830 0.626861 -3.266000 0.306450 0.839337 -3.243195 0.273057 0.362773 -3.282507 0.290536 0.598271 -3.229774 0.288970 0.603838 -3.295929 0.300405 0.600334 -3.263164 0.279101 0.601776 -3.262538 4.008134 88.648752 3.500000 242.000000
7.000000 0.913355 2.154847 -3.336000 0.934040 2.211396 -3.335659 0.897382 2.109147 -3.332412 0.915305 2.161305 -3.306079 0.916117 2.159238 -3.361992 0.924913 2.156980 -3.333780 0.906509 2.163562 -3.334291 19.723473 89.168076 3.500000 56.000000
8.000000 1.106503 2.597069 -3.349000 1.125182 2.639829 -3.349965 1.087600 2.552687 -3.351274 1.107589 2.595436 -3.330310 1.105192 2.597080 -3.370929 1.115005 2.592553 -3.351278 1.097777 2.599963 -3.349961 23.328846 86.626050 3.500000 155.000000
9.000000 0.844757 1.960923 -3.333000 0.918193 1.924044 -3.348088 0.800147 1.986538 -3.322147 0.871609 1.979489 -3.336810 0.846732 1.931093 -3.333425 0.862513 1.954731 -3.318558 0.855828 1.955851 -3.351677 117.897344 62.851676 3.500000 17.000000
10.000000 1.035766 2.467749 -3.353000 1.054431 2.497982 -3.343665 1.018650 2.436479 -3.362120 1.036745 2.461078 -3.332786 1.036336 2.473383 -3.373000 1.046676 2.461858 -3.354640 1.026405 2.472603 -3.351145 30.189635 89.442117 3.500000 121.000000
11.000000 0.471752 1.647631 -3.247000 0.495905 1.759454 -3.199999 0.449011 1.533809 -3.294044 0.458655 1.632428 -3.206061 0.486261 1.660834 -3.287982 0.507762 1.635889 -3.238850 0.437154 1.657374 -3.255193 11.740133 72.339401 3.500000 2058.000000
12.000000 0.522908 1.792685 -3.252000 0.522311 1.788991 -3.232813 0.524129 1.793830 -3.268937 0.526869 1.805063 -3.248862 0.519571 1.777758 -3.252888 0.530839 1.789358 -3.250766 0.515601 1.793463 -3.250984 20.594251 75.190754 3.500000 48.000000
13.000000 1.269503 1.288193 -3.250000 1.291736 1.346208 -3.248909 1.246668 1.230272 -3.252936 1.265211 1.288273 -3.207218 1.273193 1.288207 -3.294627 1.279532 1.284191 -3.249976 1.258872 1.292288 -3.251869 21.242947 84.782769 3.500000 853.000000
14.000000 1.275857 1.382264 -3.267000 1.297400 1.434070 -3.262044 1.257989 1.340481 -3.270391 1.279596 1.384294 -3.241768 1.275793 1.390256 -3.290666 1.285570 1.384048 -3.267223 1.269818 1.390502 -3.265211 22.836013 85.586156 3.500000 244.000000
15.000000 1.189300 1.068250 -3.255000 1.228350 1.141062 -3.266775 1.153019 0.998587 -3.240994 1.190863 1.077300 -3.212048 1.190506 1.062349 -3.295721 1.201558 1.064247 -3.252934 1.179812 1.075402 -3.254835 27.866752 89.759195 3.500000 736.000000
16.000000 1.685301 2.030642 -3.321500 1.850442 2.361723 -3.327915 1.557543 1.777293 -3.313366 1.751692 2.046070 -3.301869 1.656293 2.092946 -3.339412 1.698324 2.072810 -3.302113 1.709661 2.066206 -3.339168 26.618640 32.192171 3.500000 854.000000
17.000000 1.435225 1.687272 -3.272000 1.456286 1.729599 -3.278883 1.416851 1.639841 -3.267783 1.440143 1.686282 -3.248003 1.432994 1.683158 -3.298663 1.445714 1.680574 -3.274368 1.427423 1.688866 -3.272298 23.718584 81.982678 3.500000 21.000000
18.000000 1.439180 1.580858 -3.237000 1.445093 1.600529 -3.227298 1.433059 1.563041 -3.246036 1.447562 1.580365 -3.239277 1.430589 1.583204 -3.234056 1.440659 1.577555 -3.229221 1.437493 1.586015 -3.244113 17.797961 19.298702 3.500000 18.000000
19.000000 0.765073 0.269203 -3.234000 0.775263 0.279519 -3.221222 0.754433 0.258886 -3.244463 0.762835 0.260040 -3.222904 0.766860 0.278365 -3.242780 0.770868 0.265547 -3.234993 0.758827 0.272858 -3.230691 45.272493 81.532006 3.500000 19.000000
20.000000 1.223598 1.184115 -3.266000 1.221785 1.181974 -3.232151 1.227548 1.189385 -3.296792 1.231803 1.202921 -3.261859 1.217530 1.168439 -3.267085 1.233207 1.182092 -3.264122 1.216126 1.189268 -3.264822 37.871818 67.743720 3.500000 53.000000
21.000000 0.994368 0.834351 -3.241500 0.982466 0.850432 -3.209080 1.007437 0.821517 -3.270920 1.004431 0.859440 -3.247145 0.985472 0.812509 -3.232855 1.009680 0.832351 -3.232358 0.980223 0.839598 -3.247642 139.187002 68.870910 3.500000 10.000000
22.000000 0.754051 0.387737 -3.208000 0.757214 0.395076 -3.188009 0.752173 0.378618 -3.226173 0.760518 0.394320 -3.211083 0.748869 0.379374 -3.203099 0.759352 0.383629 -3.206318 0.750035 0.390065 -3.207863 17.030106 55.491503 3.500000 11.000000
23.000000 0.955563 0.762908 -3.233000 0.970435 0.798301 -3.225942 0.942041 0.724655 -3.233924 0.941340 0.764221 -3.202246 0.971136 0.758735 -3.257620 0.970404 0.755122 -3.221681 0.942071 0.767834 -3.238186 21.083921 61.832628 3.500000 15.000000
24.000000 0.911799 0.725325 -3.244000 0.976147 0.830579 -3.227294 0.843394 0.621194 -3.253698 0.910499 0.719538 -3.193813 0.909042 0.732236 -3.287179 0.921545 0.718570 -3.241675 0.897996 0.733204 -3.239317 32.375327 89.113984 3.500000 609.000000
25.000000 1.692173 2.251920 -3.273000 1.725555 2.350461 -3.271646 1.659638 2.161903 -3.272642 1.693820 2.255581 -3.239372 1.691373 2.256782 -3.304916 1.706108 2.251461 -3.272735 1.679085 2.260902 -3.271553 19.268826 87.862139 3.500000 465.000000
26.000000 1.710360 2.394805 -3.278500 1.716696 2.405841 -3.286460 1.705988 2.380116 -3.272398 1.706182 2.400349 -3.269872 1.716502 2.385607 -3.288985 1.719334 2.392297 -3.274589 1.703350 2.393659 -3.284269 22.598545 66.852559 3.500000 14.000000
27.000000 1.290899 1.421404 -3.239500 1.275770 1.376825 -3.193411 1.301905 1.461899 -3.295331 1.307025 1.448391 -3.215476 1.270650 1.390333 -3.273266 1.296965 1.415448 -3.245554 1.280710 1.423276 -3.243188 17.076914 66.056668 3.500000 124.000000
28.000000 1.443395 1.719129 -3.262000 1.467838 1.768599 -3.283628 1.421134 1.665027 -3.227372 1.450475 1.723340 -3.238510 1.438497 1.710285 -3.272490 1.449402 1.714200 -3.256229 1.439571 1.719425 -3.254771 24.272257 71.786598 3.500000 12.000000
29.000000 0.328203 1.341567 -3.252000 0.350099 1.637759 -3.273612 0.308868 1.058152 -3.229043 0.331138 1.351901 -3.198487 0.327828 1.344010 -3.304167 0.344318 1.346871 -3.251711 0.314649 1.349040 -3.250944 4.068912 88.210996 3.500000 565.000000
30.000000 0.295526 0.507716 -3.157000 0.295177 0.598502 -3.201559 0.295146 0.436690 -3.127516 0.299367 0.533022 -3.130823 0.290957 0.502169 -3.198252 0.316952 0.516564 -3.166783 0.273371 0.518627 -3.162292 0.010858 83.529448 3.500000 93.000000
31.000000 0.311865 1.086152 -3.225500 0.325489 1.162898 -3.180847 0.303482 0.985846 -3.262787 0.319506 1.047437 -3.164965 0.309465 1.101307 -3.278669 0.331489 1.073209 -3.223870 0.297482 1.075535 -3.219764 7.085054 85.437120 3.500000 350.000000
32.000000 0.292349 0.891339 -3.173500 0.292045 0.942737 -3.182431 0.288851 0.846348 -3.169319 0.310759 0.897834 -3.146730 0.270137 0.891251 -3.205020 0.303566 0.892890 -3.184830 0.277331 0.896195 -3.166920 1.898069 55.298262 3.500000 16.000000
33.000000 0.296563 0.715762 -3.227000 0.301729 0.768188 -3.227368 0.290773 0.663175 -3.224777 0.297011 0.716509 -3.189293 0.295491 0.714853 -3.262852 0.304629 0.714803 -3.226226 0.287874 0.716559 -3.225919 5.956358 88.815964 3.500000 69.000000
34.000000 0.630018 0.630253 -3.234000 0.644339 0.863735 -3.216627 0.617889 0.456495 -3.259697 0.631283 0.654901 -3.188961 0.630946 0.665330 -3.287363 0.639255 0.659595 -3.238245 0.622973 0.660635 -3.238079 3.716080 89.804953 3.500000 290.000000
35.000000 0.976181 2.542806 -3.357000 0.988497 2.572813 -3.359260 0.965493 2.514758 -3.354217 0.978728 2.544560 -3.339909 0.975261 2.543011 -3.373568 0.982935 2.541388 -3.357240 0.971054 2.546183 -3.356237 21.615813 84.124254 3.500000 107.000000
36.000000 0.937085 2.455962 -3.356000 0.959381 2.502183 -3.348727 0.915463 2.407234 -3.359402 0.935246 2.452603 -3.326389 0.939598 2.456814 -3.381740 0.943838 2.451710 -3.353788 0.931006 2.457707 -3.354341 24.822734 85.517089 3.500000 310.000000
37.000000 1.207260 1.987165 -3.287000 1.242057 2.107788 -3.300271 1.168325 1.849838 -3.277213 1.212804 1.980063 -3.250414 1.197578 1.977563 -3.327069 1.220510 1.974176 -3.291633 1.189872 1.983450 -3.285850 15.951811 78.771527 3.500000 93.000000
38.000000 1.053726 1.449648 -3.266000 1.072999 1.563958 -3.267595 1.033562 1.338558 -3.264990 1.086628 1.445518 -3.258145 1.019933 1.456999 -3.274440 1.047343 1.452589 -3.241056 1.059217 1.449928 -3.291529 9.924200 16.640281 3.500000 335.000000
39.000000 0.695180 0.145443 -3.260000 0.751005 0.223019 -3.256239 0.643337 0.074441 -3.264761 0.696694 0.147508 -3.233156 0.697648 0.149953 -3.287844 0.703046 0.144478 -3.260588 0.691296 0.152982 -3.260412 35.929139 89.001203 3.500000 178.000000
40.000000 1.033173 1.793574 -3.377000 1.042151 1.814882 -3.378195 1.025003 1.777091 -3.373343 1.022502 1.802597 -3.363417 1.044652 1.789375 -3.388121 1.041417 1.793502 -3.367410 1.025737 1.798470 -3.384129 24.405875 51.672784 3.500000 13.000000
41.000000 0.957184 1.670481 -3.345000 0.982896 1.731353 -3.360167 0.927891 1.599318 -3.325529 0.959523 1.671085 -3.314375 0.951265 1.659586 -3.371321 0.970198 1.658944 -3.343704 0.940590 1.671728 -3.341992 22.616216 81.910574 3.500000 342.000000
42.000000 1.229952 2.448735 -3.315000 1.251152 2.496951 -3.318467 1.208423 2.401071 -3.317878 1.226891 2.450496 -3.286540 1.232684 2.447525 -3.349806 1.242677 2.443275 -3.316723 1.216898 2.454746 -3.319623 24.020234 84.773372 3.500000 81.000000
43.000000 1.773932 2.027918 -3.313000 1.825770 2.187570 -3.313748 1.718236 1.883782 -3.311704 1.805713 2.023784 -3.306752 1.738293 2.047568 -3.318700 1.767746 2.037367 -3.285335 1.776260 2.033985 -3.340117 19.492886 21.543726 3.500000 394.000000
44.000000 0.318737 0.958945 -3.136000 0.360150 1.070463 -3.141827 0.278262 0.859361 -3.131037 0.343317 0.956839 -3.111375 0.295094 0.972984 -3.161489 0.305377 0.971057 -3.121146 0.333034 0.958766 -3.151718 21.201669 47.513396 3.500000 162.000000
45.000000 0.506569 1.562845 -3.242000 0.519531 1.642946 -3.197362 0.498260 1.500020 -3.289880 0.506887 1.551272 -3.211936 0.510904 1.591694 -3.275305 0.520480 1.569927 -3.243879 0.497311 1.573040 -3.243362 8.464671 86.940869 3.500000 58.000000
46.000000 0.619709 1.851729 -3.264000 0.656352 1.907023 -3.262028 0.581976 1.794361 -3.265161 0.618199 1.850522 -3.234590 0.620128 1.850862 -3.292599 0.624136 1.847405 -3.263448 0.614192 1.853978 -3.263740 33.431491 88.095134 3.500000 106.000000
47.000000 0.271990 0.140495 -3.214000 0.290307 0.183939 -3.209062 0.251958 0.088117 -3.218216 0.272089 0.133726 -3.193547 0.270176 0.138331 -3.233730 0.281324 0.132040 -3.214581 0.260941 0.140017 -3.212697 21.811740 87.291912 3.500000 36.000000
48.000000 0.855585 1.047011 -3.065000 0.917361 1.167589 -3.068464 0.786669 0.911119 -3.060128 0.853650 1.039777 -3.025645 0.850380 1.038931 -3.102948 0.859762 1.035397 -3.064581 0.844268 1.043311 -3.064012 27.002647 87.577354 3.500000 206.000000
49.000000 0.249038 0.027576 -3.213000 0.265125 0.060515 -3.192559 0.235808 -0.000659 -3.229811 0.244571 0.019626 -3.189628 0.256363 0.040230 -3.232743 0.258128 0.026095 -3.210921 0.242805 0.033761 -3.211449 25.605194 76.138115 3.500000 27.000000
50.000000 0.407888 0.401302 -3.196000 0.416314 0.412709 -3.180364 0.402478 0.389688 -3.218836 0.418621 0.408847 -3.207494 0.400172 0.393550 -3.191706 0.412926 0.397758 -3.198810 0.405867 0.404640 -3.200390 31.005679 49.996774 3.500000 15.000000
51.000000 0.061725 1.642905 -3.287000 0.075094 1.680787 -3.259496 0.049352 1.605063 -3.316534 0.057359 1.628771 -3.267029 0.067087 1.657079 -3.309001 0.074836 1.638621 -3.287994 0.049610 1.647228 -3.288036 18.775282 79.122693 3.500000 134.000000
52.000000 0.522908 1.794019 -3.279500 0.526556 1.819956 -3.281770 0.519595 1.768282 -3.278858 0.521345 1.795533 -3.259353 0.524807 1.792705 -3.301276 0.531174 1.793070 -3.279575 0.514978 1.795168 -3.281054 7.671990 85.289882 3.500000 70.000000
53.000000 0.754570 1.960923 -3.715000 0.725465 2.028468 -3.743546 0.792215 1.898615 -3.684247 0.798787 1.985717 -3.710303 0.718893 1.941366 -3.717490 0.751607 1.972184 -3.686830 0.766072 1.954899 -3.740963 152.794813 29.351763 3.500000 29.000000
54.000000 0.730775 0.830070 -3.595000 0.744220 0.900862 -3.588651 0.720014 0.757406 -3.599682 0.709318 0.830257 -3.558735 0.754916 0.828012 -3.629598 0.752086 0.824766 -3.581179 0.712148 0.833502 -3.607154 9.577539 57.253435 3.500000 24.000000
55.000000 0.767991 2.251197 -3.735000 0.778962 2.290733 -3.750253 0.756241 2.207824 -3.720580 0.748149 2.262375 -3.713720 0.787055 2.236182 -3.757113 0.782534 2.249854 -3.722376 0.752670 2.248703 -3.748458 15.325298 52.489978 3.500000 12.000000
56.000000 0.774604 2.111592 -3.727000 0.812888 2.173525 -3.711935 0.741715 2.036289 -3.732225 0.807278 2.086339 -3.701646 0.747325 2.123474 -3.742514 0.763172 2.108665 -3.697938 0.791431 2.101148 -3.746222 27.412032 42.647066 3.500000 25.000000
57.000000 0.269397 0.230563 -3.286000 0.270786 0.273517 -3.284746 0.268272 0.188079 -3.285793 0.271834 0.230618 -3.276099 0.267224 0.230978 -3.294439 0.275718 0.230635 -3.286828 0.263339 0.230961 -3.283710 1.685561 75.894077 3.500000 26.000000
58.000000 0.297082 0.743894 -3.258000 0.299989 0.773406 -3.266837 0.294739 0.708443 -3.248692 0.299723 0.744007 -3.246047 0.295005 0.737842 -3.269483 0.301001 0.740460 -3.258375 0.293726 0.741389 -3.257155 4.619598 78.984107 3.500000 17.000000
59.000000 0.274908 0.366943 -3.279000 0.274679 0.387646 -3.267932 0.275045 0.345996 -3.288268 0.272197 0.360877 -3.265975 0.277528 0.372765 -3.290225 0.277745 0.366592 -3.277579 0.271979 0.367050 -3.278621 179.496390 78.833800 3.500000 10.000000
60.000000 1.227813 1.529820 -3.240000 1.239591 1.541994 -3.204153 1.213866 1.510032 -3.278656 1.234329 1.546991 -3.253028 1.219128 1.505036 -3.229781 1.234343 1.522607 -3.242572 1.219114 1.529419 -3.240236 38.829965 72.415077 3.500000 47.000000
61.000000 1.426732 1.154648 -3.260000 1.426681 1.166137 -3.248382 1.425454 1.141809 -3.270300 1.422613 1.144295 -3.248406 1.429522 1.163651 -3.270277 1.432261 1.152819 -3.258407 1.419874 1.155127 -3.260276 2.885956 76.690922 3.500000 41.000000
62.000000 0.480700 1.538159 -3.670000 0.533129 1.530032 -3.657206 0.428385 1.551513 -3.683238 0.494735 1.584802 -3.690134 0.466779 1.496743 -3.650311 0.477910 1.550478 -3.650758 0.483604 1.531067 -3.689686 101.589262 73.866675 3.500000 18.000000
63.000000 0.481996 1.441531 -3.654000 0.467997 1.515277 -3.672043 0.491414 1.379748 -3.643457 0.518632 1.461480 -3.623417 0.440778 1.433545 -3.692083 0.458110 1.448833 -3.633802 0.501301 1.446192 -3.681698 170.197258 43.596390 3.500000 24.000000
64.000000 0.494963 1.310766 -3.637000 0.473984 1.384589 -3.626134 0.509366 1.237681 -3.648186 0.535805 1.322476 -3.641908 0.447545 1.299794 -3.632412 0.495190 1.308148 -3.611621 0.488160 1.314122 -3.662699 166.458545 15.568122 3.500000 25.000000
65.000000 1.037095 1.793074 -3.390000 1.050308 1.819684 -3.393927 1.023372 1.770986 -3.386073 1.033836 1.799357 -3.375363 1.039844 1.791313 -3.404637 1.042832 1.792351 -3.387950 1.030847 1.798319 -3.392050 28.947256 78.807384 3.500000 18.000000
66.000000 1.503823 2.472197 -3.311000 1.520172 2.517060 -3.315538 1.486853 2.434395 -3.300787 1.504617 2.479607 -3.283930 1.502407 2.471849 -3.332395 1.512595 2.472097 -3.307995 1.494430 2.479359 -3.308329 21.952414 87.421802 3.500000 37.000000
67.000000 1.704816 2.396473 -3.281500 1.711936 2.408708 -3.278347 1.698825 2.384350 -3.281653 1.706718 2.394401 -3.269628 1.704043 2.398657 -3.290372 1.710747 2.393810 -3.281250 1.700014 2.399248 -3.278750 28.293457 82.800196 3.500000 20.000000
68.000000 1.259518 1.277964 -3.199000 1.272576 1.323386 -3.207971 1.249183 1.233909 -3.186629 1.262053 1.282808 -3.178571 1.259706 1.274487 -3.216029 1.277481 1.274290 -3.197372 1.244278 1.283005 -3.197228 14.651122 86.499840 3.500000 20.000000
69.000000 0.612642 2.024304 -3.674000 0.638143 2.054166 -3.676364 0.589121 1.981632 -3.671236 0.632010 2.004848 -3.682714 0.595254 2.030950 -3.664886 0.621296 2.014217 -3.652608 0.605968 2.021580 -3.694992 34.052774 40.694367 3.500000 15.000000
70.000000 0.503911 1.563234 -3.289000 0.504294 1.595281 -3.311399 0.504501 1.527873 -3.269801 0.501881 1.570552 -3.276045 0.506914 1.552603 -3.305155 0.509568 1.561988 -3.289959 0.499226 1.561166 -3.291241 179.823783 81.627961 3.500000 10.000000
